10 10 500
C 0 0 0.0 0
C 0 1 0.0 0
C 0 2 0.0 0
C 0 3 0.0 0
C 0 4 0.0 0
C 0 5 0.0 0
C 0 6 0.0 0
C 0 7 0.0 0
C 0 8 0.0 0
C 0 9 0.0 0
C 1 0 0.0 0
O 1 1 0.0 100.0
O 1 2 0.0 100.0
O 1 3 0.0 100.0
T 1 4 0.0 25
C 1 5 0.0 0
C 1 6 0.0 0
T 1 7 0.0 25
C 1 8 0.0 0
C 1 9 0.0 0
C 2 0 0.0 0
O 2 1 0.0 100.0
T 2 2 0.0 20
O 2 3 0.0 100.0
C 2 4 0.0 0
C 2 5 0.0 0
C 2 6 0.0 0
C 2 7 0.0 0
T 2 8 0.0 25
C 2 9 0.0 0
C 3 0 0.0 0
O 3 1 0.0 100.0
O 3 2 0.0 100.0
O 3 3 0.0 100.0
C 3 4 0.0 0
C 3 5 0.0 0
T 3 6 0.0 25
C 3 7 0.0 0
C 3 8 0.0 0
C 3 9 0.0 0
C 4 0 0.0 0
C 4 1 0.0 0
C 4 2 0.0 0
C 4 3 0.0 0
C 4 4 0.0 0
C 4 5 0.0 0
C 4 6 0.0 0
C 4 7 0.0 0
C 4 8 0.0 0
C 4 9 0.0 0
C 5 0 40.0 0
C 5 1 40.0 0
C 5 2 40.0 0
C 5 3 40.0 0
C 5 4 0.0 0
C 5 5 0.0 0
C 5 6 40.0 0
C 5 7 40.0 0
C 5 8 40.0 0
C 5 9 40.0 0
C 6 0 0.0 0
T 6 1 0.0 25
C 6 2 0.0 0
C 6 3 0.0 0
C 6 4 0.0 0
C 6 5 0.0 0
O 6 6 0.0 100.0
O 6 7 0.0 100.0
O 6 8 0.0 100.0
C 6 9 0.0 0
C 7 0 0.0 0
C 7 1 0.0 0
C 7 2 0.0 0
T 7 3 0.0 25
C 7 4 0.0 0
C 7 5 0.0 0
O 7 6 0.0 100.0
T 7 7 0.0 20
O 7 8 0.0 100.0
C 7 9 0.0 0
C 8 0 0.0 0
C 8 1 0.0 0
T 8 2 0.0 25
C 8 3 0.0 0
C 8 4 0.0 0
T 8 5 0.0 25
O 8 6 0.0 100.0
O 8 7 0.0 100.0
O 8 8 0.0 100.0
C 8 9 0.0 0
C 9 0 0.0 0
C 9 1 0.0 0
C 9 2 0.0 0
C 9 3 0.0 0
C 9 4 0.0 0
C 9 5 0.0 0
C 9 6 0.0 0
C 9 7 0.0 0
C 9 8 0.0 0
C 9 10 0.0 0
END